12
0 0 2 3 -
1 0 9 10 -
2 0 4 5 -
3 1 11 0 2
4 0 6 7 -
5 1 1 2 4
6 0 8 9 -
7 0 3 4 -
8 1 10 11 1
9 0 5 6 -
10 1 0 1 3
11 0 7 8 -
100
00011111001111111111
0
0001111111001
000111111110001
010101
1
010111
0011111110001
000110
0111110101
10011101
00101111
000111111100
0001111111011
0011111111110
1
00011111111000
01011
0011
10
00110100
100111111111011
000111110010
0011011111111100101
00111111111110001
0
0001111111
0111010101
00111000
001111110111111101101
1010
1001111111111
0
10
10011111010
0011111110011
000111111100
0001
01
111
00100101
0001101
0
1001111101
10
011
1001110110
0011111110001
011111011
1001111111110
111
001101011011111111111
001110110
1
00
001111111110000
00111000
0011111
0001
0101111
00100011110
001011
00100100
001111111111100100
0010
0
01
0
0111011
000111110010
10011
1001
001000111101
00110101101111111111
111
11
000111
0011011
00111111111110111111
001001000
11
110
00110100
01100
0
1001
110
000
0011010
00111011
00
111110
10001
001111110111111101101
0000
00110100
01
10011111110111
000
0
