12
0 0 2 3 -
1 0 9 10 -
2 0 4 5 -
3 1 11 0 2
4 0 6 7 -
5 1 1 2 4
6 0 8 9 -
7 0 3 4 -
8 1 10 11 1
9 0 5 6 -
10 1 0 1 3
11 0 7 8 -
100
001111000011
001111110110000
0111110
100101
10
001110001
0010100
0000
00011
100111010
00110110
0001111111111
111
00111101
0011110111111
01
000110
101011
10010111
101011111
10011
1111111
001
100101111111111111111
001110
1000
00011
01011111111
001
10
0010001111111
10011101100
00100101111111
001110111101
01010
00111000111110
00011001
0
011
0011111111111101
0011110111111110
00101111
0011001
0010
00110100
01110111
0001
00110000
11111
001
0
1001111111011
00100011
001111
101
0001111111111111
000111111111100011
0011
1001
11
0011111
111101
0011
00000
00100011
001000111111111
1010
1
0011011000
0001111111
00101111
1001
0010111101
00111110010
010100
0
001101100
00111
001111111101
111
000111111101111
0001000
001110001
010
01110111111111111
10011111111111111111
00011000
1001111111011
0011
1
00111110001111101
001101001010
0011
0011
001110001111111011101
10101111
0011100
011111100110
0010001010
0000000
