11
0 0 - - 1,7
1 0 - - 2,4
2 0 3 - -
3 0 - - 6
4 0 - 5 -
5 0 - - 6
6 0 - - 1,7
7 0 8 - -
8 0 - 9 -
9 0 - 10 -
10 1 - - -
100
0011
110
01001011
1110111
00000111011011
1
11
1
010001101
111101
010011010110111
1011
1
0
11101110
111011
10110101001101101100
00
0110011
01
11100111
011
01
00110
0
101011
0110011011
001101110
1
011011
011
11
110
1100100
11
011
011
11101101
0001
0011
01
101001
0101100101101011011101
011
0011
011
1
0
0
1
010110010110101010111
10
01011101101
010110110111
001111
111
01
110011
1011
01101
01011001011101101100101101101000
10001011
0
110110111
01
01110
1011
0011
0101101
0
01101101
1
00110
0010101
1
11
00110111
1010101101111
010111011011
0111
011011110
01
010
01110111011010110101010011
1111101011
01011101111101
010110010111010111011011
0
01
001111
011101110110101101010110
011
00101110
11101
110110101
01
011
1101011
1010111
001010011
