11
0 0 - - 1,7
1 0 - - 2,4
2 0 3 - -
3 0 - - 6
4 0 - 5 -
5 0 - - 6
6 0 - - 1,7
7 0 8 - -
8 0 - 9 -
9 0 - 10 -
10 1 - - -
100
0010110011001
1
1110110110111
1
11101
1
010101101100001001101
0101011011000010001
01010110110000101101
0010110011001
01010
10
01110111
01011
1011
111001
10
01110101101
1110110110110010
1
0101
1
0
1110110110110011
1110110110110011
0
0111010
010101101100001011011
1011
01
1
0111010
010101101100101101
00101100111001
001001111000
11
1011
1001
0101011011000010001
01110111
10
01110111
0010110011001
11101110
00101001
00101001
0111010
001011001110011
0
0111010110
001001111000
0
001011001110000
0111010
1110110110110011
0010110011001
0101
1
00101001
01010110110010111
01010110110010110111011
1
001011001111
10101001011
0101011011000010011011
111011011011
01011
1011
01110101100
11101
00100111
1110110110111101
1
1110110110110011
01
101011
1110110110111101
0101011011001011010
10
01010110110010110111011
11101
11110
1
010101101100001011011
1110110110111
0111010110
11101110
001011001111
0101011011000010011011
111001
010110
011011
1
011101
0101011011001011
0101011011001011010
101011
111001
10101
1110011
