6
0 0 1,2 - -
1 1 - 3 -
2 1 - 5 -
3 0 4 - -
4 0 - 1 -
5 0 2 - -
100
01011
01010000
010101
0
01
01010
01
01010101
0101
01010
010110
01011
01010101010
01011011011
010110
010110110110110
010101
010
0101
010101
0
01011
01
0
010110110110
010110111
010111
0101
01011011
011
01010
0101101
010110
01010101
0101010
01000
01
010110110
010101
0101010
0100
010110110110
01
0101101101101
01
01011
0101101101
01011011011011011
01
01
0101
0101101101101101101101
01
01011
010
010
0
01011011
0101101101101
010
010110110110
010
010101
01010
0
010101
01
01
01011
0101010
01011011011
010110
010101
01011011
1
0101010101
0
010110110110
0
010101
010
0101
0101101101
01011011011011
01011011011
0101101
01
010110110
010
01010101
010110110110110
0
01011011011011011011
0101101
0101
0101
01010
01010101011
010110
0101010101
