6
0 0 1,2 - -
1 1 - 3 -
2 1 - 5 -
3 0 4 - -
4 0 - 1 -
5 0 2 - -
100
010110
010110
010
0101101101
010110110
010
01
01
0101101101
010110
01011011
0101
01011011011
01
0
0101
0101101101
0101101
01011011011
01010
010101
0101
0101010
0101010101010
01010
0
010101
0101101101
01011011011
01011011011
0101101
01011000
01011011
010110
010110110111
01001
01011011
0101101
01001
010110
010
010101
0101101101
01
0
01011
01001
010101010101010
0101
01010
010
0101101
01
0101
010110
0101
0101
010
010
010
0101
0101101
01
01011011011
010110
01010
010110110110110110
0101
010101
010101010101010
0101101101
0101001
0101
01011
0
01011011010
0
01
01011
0
0101
010100
0
010
01011011011011011011
0101101100
010110110
010101010101
0101010101010101
01011
0101010101
01
01
01011
010110110110
01011011010
00
0
0
010
