6
0 0 - - 1,2
1 1 3 - -
2 1 4 - -
3 0 - 1 -
4 0 - 5 -
5 0 2 - -
100
0100
01010
0
0101
01001001
0101010101
01001001001
0
0
0
010
010010
010010
01001
0
010010010
010010010
0101
0
010
0
01010
01001001001001
01001
0100
010111
0100100100
010
01001
010101010
01
0
01010
010010
010010
01001
010010010
0101010101
0100100100
01001001
01010101010
010101010101
0010
01010
0
0101
01001001001
0101010101
01001
010101010
01001
0101010101010
010010010010
00
010
010010010010
0100100100100100
0101010
01
0100
0
01001001001000
010
010
010010010
0
01010
01
0
0
010100
01
010
010
01
01
01
010010
00
0
01
0100
010101
010
0
0
0100100100100100
01001001
01001
01001
0101
01010
0100100101
010
010010
1
0101
01010
010
01001
