6
0 0 - - 1,2
1 1 3 - -
2 1 4 - -
3 0 - 1 -
4 0 - 5 -
5 0 2 - -
100
01010
0101
0101010
010010010
01
01010
0100
01001001001
010010010010
01
01010101010
01
01001
010010010
0100
0
0101010
010010010010
0101
0
00
01
010010
01001
010
1
0101010
010010010
01001
01
1
0
01010101
010010010010
0100100100100100
010
010
01001
010101011
01001001001001
0100100
01
01001001001
010
010101010
010010010
11
01001001000
010101
0
0100100100100100
010
01010
011
0101
0100100
01010
0100100101
010101
0100
0100100
01001001001
0101010
01
0
010010010
010101
010010010011
0101
01001
010
010
0100
0
0101000
0100
010
010
01001
01001011
01001011
010010010010
01001
0100100100100
010011
010
0100100100100
010010010010
0100100
0
010010
010
010010
010
0100
0100001
010010
01010
01
0100
