4
0 0 0,1 0 -
1 0 - 2 -
2 0 - 3 3
3 1 - - -
100
0101011111101101111111110111111011001111011001101110011110011011000111101111110111101010101011111011
0101011111101101111111110111111011001111011001101110011110011011000111101111110111101010101011111010
0101011111101101111111110111111011001111011001101110011110011011000111101111110111101010101011111011
0101011111101101111111110111111011001111011001101110001111111110111010011010110111111001110111000111
0101011111101101111111110111111011001111011001101110011110011011000111101111110111101010101011111010
0101011111101101111111110111111011001111011001101110001111111110111010011010110111111001110111000111
0101011111101101111111110111111011001111011001101110011110011011000111101111110111101010101011111011
0101011111101101111111110111111011001111011001101110011110011011000111101111110111101010101011111010
0101011111101101111111110111111011001111011001101110011110011011000111101111110111101010101011111010
0101011111101101111111110111111011001111011001101110011110011011000111101111110111101010101011111010
0101011111101101111111110111111011001111011001101110001111111110111010011010110111111001110111000101
0101011111101101111111110111111011001111011001101110001111111110111010011010110111111001110111000111
0101011111101101111111110111111011001111011001101110011110011011000111101111110111101010101011111011
0101011111101101111111110111111011001111011001101110011110011011000111101111110111101010101011111011
0101011111101101111111110111111011001111011001101110001111111110111010011010110111111001110111000111
0101011111101101111111110111111011001111011001101110011110011011000111101111110111101010101011111011
0101011111101101111111110111111011001111011001101110001111111110111010011010110111111001110111000111
0101011111101101111111110111111011001111011001101110001111111110111010011010110111111001110111000111
0101011111101101111111110111111011001111011001101110011110011011000111101111110111101010101011111011
0101011111101101111111110111111011001111011001101110011110011011000111101111110111101010101011111010
0101011111101101111111110111111011001111011001101110011110011011000111101111110111101010101101111101
0101011111101101111111110111111011001111011001101110001111111110111010011010110111111001110110111101
0101011111101101111111110111111011001111011001101110001111111110111010011010110111111001110110111101
0101011111101101111111110111111011001111011001101110011110011011000111101111110111101010101011111011
0101011111101101111111110111111011001111011001101110011110011011000111101111110111101010101011111011
0101011111101101111111110111111011001111011001101110001111111110111010011010110111111001110111000111
0101011111101101111111110111111011001111011001101110011110011011000111101111110111101010101011111011
0101011111101101111111110111111011001111011001101110001111111110111010011010110111111001110110111101
0101011111101101111111110111111011001111011001101110011110011011000111101111110111101010101011111010
0101011111101101111111110111111011001111011001101110001111111110111010011010110111111001110110111101
0101011111101101111111110111111011001111011001101110011110011011000111101111110111101010101011111010
0101011111101101111111110111111011001111011001101110001111111110111010011010110111111001110111000101
0101011111101101111111110111111011001111011001101110011110011011000111101111110111101010101011111011
0101011111101101111111110111111011001111011001101110011110011011000111101111110111101010101011111010
0101011111101101111111110111111011001111011001101110001111111110111010011010110111111001110111000111
0101011111101101111111110111111011001111011001101110011110011011000111101111110111101010101011111011
0101011111101101111111110111111011001111011001101110001111111110111010011010110111111001110111000111
0101011111101101111111110111111011001111011001101110001111111110111010011010110111111001110111000101
0101011111101101111111110111111011001111011001101110001111111110111010011010110111111001110111000101
0101011111101101111111110111111011001111011001101110011110011011000111101111110111101010101011111010
0101011111101101111111110111111011001111011001101110011110011011000111101111110111101010101011111011
0101011111101101111111110111111011001111011001101110001111111110111010011010110111111001110111000111
0101011111101101111111110111111011001111011001101110001111111110111010011010110111111001110111000111
0101011111101101111111110111111011001111011001101110001111111110111010011010110111111001110111000111
0101011111101101111111110111111011001111011001101110011110011011000111101111110111101010101011111011
0101011111101101111111110111111011001111011001101110011110011011000111101111110111101010101011111011
0101011111101101111111110111111011001111011001101110001111111110111010011010110111111001110111000101
010101111110110111111111011111101100111101100110111001111001101100011110111111011110101010101111101
0101011111101101111111110111111011001111011001101110011110011011000111101111110111101010101011111011
0101011111101101111111110111111011001111011001101110011110011011000111101111110111101010101011111011
0101011111101101111111110111111011001111011001101110011110011011000111101111110111101010101011111010
0101011111101101111111110111111011001111011001101110011110011011000111101111110111101010101011111011
0101011111101101111111110111111011001111011001101110001111111110111010011010110111111001110110111101
0101011111101101111111110111111011001111011001101110011110011011000111101111110111101010101011111010
0101011111101101111111110111111011001111011001101110011110011011000111101111110111101010101011111010
0101011111101101111111110111111011001111011001101110011110011011000111101111110111101010101011111011
0101011111101101111111110111111011001111011001101110011110011011000111101111110111101010101011111011
0101011111101101111111110111111011001111011001101110011110011011000111101111110111101010101011111010
0101011111101101111111110111111011001111011001101110011110011011000111101111110111101010101011111011
0101011111101101111111110111111011001111011001101110011110011011000111101111110111101010101011111010
0101011111101101111111110111111011001111011001101110011110011011000111101111110111101010101011111011
0101011111101101111111110111111011001111011001101110011110011011000111101111110111101010101011111011
0101011111101101111111110111111011001111011001101110011110011011000111101111110111101010101011111010
0101011111101101111111110111111011001111011001101110011110011011000111101111110111101010101011111011
0101011111101101111111110111111011001111011001101110001111111110111010011010110111111001110111000101
0101011111101101111111110111111011001111011001101110011110011011000111101111110111101010101011111010
0101011111101101111111110111111011001111011001101110001111111110111010011010110111111001110111000101
0101011111101101111111110111111011001111011001101110001111111110111010011010110111111001110111000101
0101011111101101111111110111111011001111011001101110011110011011000111101111110111101010101011111010
0101011111101101111111110111111011001111011001101110001111111110111010011010110111111001110111000101
0101011111101101111111110111111011001111011001101110011110011011000111101111110111101010101011111010
0101011111101101111111110111111011001111011001101110011110011011000111101111110111101010101011111011
0101011111101101111111110111111011001111011001101110001111111110111010011010110111111001110111000101
0101011111101101111111110111111011001111011001101110011110011011000111101111110111101010101011111010
0101011111101101111111110111111011001111011001101110011110011011000111101111110111101010101011111011
0101011111101101111111110111111011001111011001101110011110011011000111101111110111101010101011111011
0101011111101101111111110111111011001111011001101110011110011011000111101111110111101010101011111011
0101011111101101111111110111111011001111011001101110011110011011000111101111110111101010101011111010
0101011111101101111111110111111011001111011001101110011110011011000111101111110111101010101011111011
0101011111101101111111110111111011001111011001101110001111111110111010011010110111111001110111000101
0101011111101101111111110111111011001111011001101110001111111110111010011010110111111001110110111101
0101011111101101111111110111111011001111011001101110001111111110111010011010110111111001110111000101
0101011111101101111111110111111011001111011001101110011110011011000111101111110111101010101011111011
0101011111101101111111110111111011001111011001101110011110011011000111101111110111101010101011111011
0101011111101101111111110111111011001111011001101110001111111110111010011010110111111001110111000111
0101011111101101111111110111111011001111011001101110001111111110111010011010110111111001110111000111
0101011111101101111111110111111011001111011001101110011110011011000111101111110111101010101011111011
0101011111101101111111110111111011001111011001101110011110011011000111101111110111101010101011111010
0101011111101101111111110111111011001111011001101110011110011011000111101111110111101010101011111010
0101011111101101111111110111111011001111011001101110011110011011000111101111110111101010101011111010
0101011111101101111111110111111011001111011001101110011110011011000111101111110111101010101011111011
0101011111101101111111110111111011001111011001101110001111111110111010011010110111111001110111000111
0101011111101101111111110111111011001111011001101110001111111110111010011010110111111001110111000111
0101011111101101111111110111111011001111011001101110011110011011000111101111110111101010101011111011
0101011111101101111111110111111011001111011001101110011110011011000111101111110111101010101011111011
0101011111101101111111110111111011001111011001101110001111111110111010011010110111111001110111000111
0101011111101101111111110111111011001111011001101110001111111110111010011010110111111001110111000101
0101011111101101111111110111111011001111011001101110001111111110111010011010110111111001110110111101
0101011111101101111111110111111011001111011001101110001111111110111010011010110111111001110111000101
0101011111101101111111110111111011001111011001101110001111111110111010011010110111111001110110111101
