4
0 0 0,1 0 -
1 0 - 2 -
2 0 - 3 3
3 1 - - -
100
0110011011010111011011011010111101110110101111101110010101011011010110110110101100110010101101110111
0110011011010111011011011010111101110110101111101110010101011011010110110110101100110010100111001111
0110011011010111011011011010111101110110101111101110010101011011010110110110101100110010100111001101
0110011011010111011011011010111101110110101111101110010101011011010110110110101100110010100111001101
0110011011010111011011011010111101110110101111101110010101011011010110110110101100110010100111001101
0110011011010111011011011010111101110110101111101110010101011011010110110110101100110010100111001011
0110011011010111011011011010111101110110101111101110010101011011010110110110101100110010101101110110
0110011011010111011011011010111101110110101111101110010101011011010110110110101100110010100111001101
0110011011010111011011011010111101110110101111101110010101011011010110110110101100110010100111001101
0110011011010111011011011010111101110110101111101110010101011011010110110110101100110010100111001101
0110011011010111011011011010111101110110101111101110010101011011010110110110101100110010101101110111
0110011011010111011011011010111101110110101111101110010101011011010110110110101100110010100111001100
0110011011010111011011011010111101110110101111101110010101011011010110110110101100110010101101101011
0110011011010111011011011010111101110110101111101110010101011011010110110110101100110010100111100110
0110011011010111011011011010111101110110101111101110010101011011010110110110101100110010101101110111
0110011011010111011011011010111101110110101111101110010101011011010110110110101100110010100111001101
0110011011010111011011011010111101110110101111101110010101011011010110110110101100110010101101110111
0110011011010111011011011010111101110110101111101110010101011011010110110110101100110010101101110110
0110011011010111011011011010111101110110101111101110010101011011010110110110101100110010101101110110
0110011011010111011011011010111101110110101111101110010101011011010110110110101100110010101101101011
0110011011010111011011011010111101110110101111101110010101011011010110110110101100110010100111001101
011001101101011101101101101011110111011010111110111001010101101101011011011010110011001010011111011
0110011011010111011011011010111101110110101111101110010101011011010110110110101100110010101101110110
0110011011010111011011011010111101110110101111101110010101011011010110110110101100110010101101110110
0110011011010111011011011010111101110110101111101110010101011011010110110110101100110010100111001101
0110011011010111011011011010111101110110101111101110010101011011010110110110101100110010101101110110
0110011011010111011011011010111101110110101111101110010101011011010110110110101100110010100111001111
0110011011010111011011011010111101110110101111101110010101011011010110110110101100110010101101101011
0110011011010111011011011010111101110110101111101110010101011011010110110110101100110010100111001101
0110011011010111011011011010111101110110101111101110010101011011010110110110101100110010100111001101
0110011011010111011011011010111101110110101111101110010101011011010110110110101100110010100111001101
0110011011010111011011011010111101110110101111101110010101011011010110110110101100110010100111001011
0110011011010111011011011010111101110110101111101110010101011011010110110110101100110010101101111011
0110011011010111011011011010111101110110101111101110010101011011010110110110101100110010101101110111
0110011011010111011011011010111101110110101111101110010101011011010110110110101100110010100111001101
0110011011010111011011011010111101110110101111101110010101011011010110110110101100110010100111100111
0110011011010111011011011010111101110110101111101110010101011011010110110110101100110010100111100111
0110011011010111011011011010111101110110101111101110010101011011010110110110101100110010101101110110
0110011011010111011011011010111101110110101111101110010101011011010110110110101100110010101101111011
0110011011010111011011011010111101110110101111101110010101011011010110110110101100110010100111100110
0110011011010111011011011010111101110110101111101110010101011011010110110110101100110010100111100110
0110011011010111011011011010111101110110101111101110010101011011010110110110101100110010101101111011
0110011011010111011011011010111101110110101111101110010101011011010110110110101100110010100111001011
0110011011010111011011011010111101110110101111101110010101011011010110110110101100110010100111001101
0110011011010111011011011010111101110110101111101110010101011011010110110110101100110010100111001101
0110011011010111011011011010111101110110101111101110010101011011010110110110101100110010100111100111
0110011011010111011011011010111101110110101111101110010101011011010110110110101100110010101101111011
0110011011010111011011011010111101110110101111101110010101011011010110110110101100110010101101110111
0110011011010111011011011010111101110110101111101110010101011011010110110110101100110010100111001101
0110011011010111011011011010111101110110101111101110010101011011010110110110101100110010100111001111
0110011011010111011011011010111101110110101111101110010101011011010110110110101100110010100111001111
0110011011010111011011011010111101110110101111101110010101011011010110110110101100110010101101110111
0110011011010111011011011010111101110110101111101110010101011011010110110110101100110010100110111011
0110011011010111011011011010111101110110101111101110010101011011010110110110101100110010100111001101
0110011011010111011011011010111101110110101111101110010101011011010110110110101100110010100111100110
011001101101011101101101101011110111011010111110111001010101101101011011011010110011001010110110011
0110011011010111011011011010111101110110101111101110010101011011010110110110101100110010100111001100
0110011011010111011011011010111101110110101111101110010101011011010110110110101100110010101101110111
0110011011010111011011011010111101110110101111101110010101011011010110110110101100110010100111110111
011001101101011101101101101011110111011010111110111001010101101101011011011010110011001010011110011
0110011011010111011011011010111101110110101111101110010101011011010110110110101100110010100111001101
0110011011010111011011011010111101110110101111101110010101011011010110110110101100110010100111001101
0110011011010111011011011010111101110110101111101110010101011011010110110110101100110010101101110111
0110011011010111011011011010111101110110101111101110010101011011010110110110101100110010101101111011
0110011011010111011011011010111101110110101111101110010101011011010110110110101100110010100111001101
0110011011010111011011011010111101110110101111101110010101011011010110110110101100110010100111001101
0110011011010111011011011010111101110110101111101110010101011011010110110110101100110010100111001101
0110011011010111011011011010111101110110101111101110010101011011010110110110101100110010100111100110
0110011011010111011011011010111101110110101111101110010101011011010110110110101100110010100111001011
011001101101011101101101101011110111011010111110111001010101101101011011011010110011001010011110011
0110011011010111011011011010111101110110101111101110010101011011010110110110101100110010100111001110
0110011011010111011011011010111101110110101111101110010101011011010110110110101100110010100111001011
0110011011010111011011011010111101110110101111101110010101011011010110110110101100110010100111001101
0110011011010111011011011010111101110110101111101110010101011011010110110110101100110010100111100111
0110011011010111011011011010111101110110101111101110010101011011010110110110101100110010100111100110
0110011011010111011011011010111101110110101111101110010101011011010110110110101100110010101101110111
0110011011010111011011011010111101110110101111101110010101011011010110110110101100110010100111001101
0110011011010111011011011010111101110110101111101110010101011011010110110110101100110010101101110110
0110011011010111011011011010111101110110101111101110010101011011010110110110101100110010100111100111
0110011011010111011011011010111101110110101111101110010101011011010110110110101100110010100111001011
0110011011010111011011011010111101110110101111101110010101011011010110110110101100110010101101110111
0110011011010111011011011010111101110110101111101110010101011011010110110110101100110010101101110111
0110011011010111011011011010111101110110101111101110010101011011010110110110101100110010100111001101
0110011011010111011011011010111101110110101111101110010101011011010110110110101100110010100111100110
0110011011010111011011011010111101110110101111101110010101011011010110110110101100110010101101101011
0110011011010111011011011010111101110110101111101110010101011011010110110110101100110010100111001101
0110011011010111011011011010111101110110101111101110010101011011010110110110101100110010100111001110
0110011011010111011011011010111101110110101111101110010101011011010110110110101100110010100111001101
0110011011010111011011011010111101110110101111101110010101011011010110110110101100110010100111001101
0110011011010111011011011010111101110110101111101110010101011011010110110110101100110010101101110110
011001101101011101101101101011110111011010111110111001010101101101011011011010110011001010110111011
0110011011010111011011011010111101110110101111101110010101011011010110110110101100110010100111001101
0110011011010111011011011010111101110110101111101110010101011011010110110110101100110010100111001110
0110011011010111011011011010111101110110101111101110010101011011010110110110101100110010101101110110
0110011011010111011011011010111101110110101111101110010101011011010110110110101100110010100111100111
0110011011010111011011011010111101110110101111101110010101011011010110110110101100110010100111001111
0110011011010111011011011010111101110110101111101110010101011011010110110110101100110010101101110111
0110011011010111011011011010111101110110101111101110010101011011010110110110101100110010100111001101
0110011011010111011011011010111101110110101111101110010101011011010110110110101100110010100111001101
0110011011010111011011011010111101110110101111101110010101011011010110110110101100110010101101111011
