7
0 0 5 1 -
3 0 3 4 -
2 0 3 - -
1 0 2 - -
6 1 5 1 -
5 0 - 6 -
4 1 5 1,4 -
100
100111001110010
10011111010
011
100011111110000101011000001110101100011111111011
1000110011000110
01100110110
100010
1000111110011111011011
10011110011
011000111010101011001
011000110011100110101100
0110011000000011
100110011010
10011101100111001111001111001100110110011001110110000001100111010110011101101
1000101100111100011100111100111000110011111101100000111110001111100
10001
1000111110011110011111001100111111111011000
10011
1000111100111100111100010
100
10001100101
1001100001111111001100111001
11
0001
100001010110
0110010110011100
001
10001101
0110
0101100101010110010
00
1
01011000101
1001
1000110001100111001110011100011001101
011000110011110
01100011000111101001
100011111101100010110010110011111110011000100
01100110000010
100110011001100
0110001100111001101100111110011101
1
1001111010
01
100001110011011001110001101
1001
10
1
1001100111111011
100001101100110
1000101011001111110
1001
011000110000110110
11011
10001101
100111111001100001110101
1001101
1000111111100011011001110110011
10001011001111000111001111001110001100111111011000001111100011101
011000110001100
10
100011111011001110010110011
0
1001011001101011000011111011001
0
1001111110010101100001100111000011000110001111001110010110
1
1000101011001110100
0
100000111110011100110110001111011
0
01100
10011110
10
01011
1000111110011110011111001100111111111011001
10001011001111000111001111001110001100111111011000001111100011101010
01100110110001
01100111100111011001101
0110011000000011
1000110011000111110
10011000011111110011001110110
11
10011101100011001111101100000001110011
11
01100111001100
00
100101
100110011010
10011011001010
100101100111001111110
011000110011100110110011100101
1000110
100011111101100010
100
10000011111001110011011001110110011
1001111111110110
1001
10001100101
1000111100111100111100010
