7
0 0 5 1 -
3 0 3 4 -
2 0 3 - -
1 0 2 - -
6 1 5 1 -
5 0 - 6 -
4 1 5 1,4 -
100
100110110
10
10011001011001
10000110001011000011101100111110
100110
0
1001011000111110011000001100110011111100110000111001110011001101100101011000110011101
10
10011000111001111100111
1001
1000011001011001110011000110011011
100001100101100111001100011001101011001100
100001100010110000111011001111100010
1000011000101100001110110011111000
10000110010110011100110001100110101100110
0
100001100101100111001100011001101011001
011
10
011001110011
100110001110011111000110
0
011001110001101100101
100
10011000111101100001010
100001110
10
100001100010110000111011001111100010
10000011110111
10011011
10010110001111100110000011001100111111001100001110011100110011011001010110001100010
01100111000110110
100
011
100001100101100111001100011001101011001100
10000110001011000011101100111110001110
01100111001
101
100000011
10011011
100111001111001100011100000
10
10000001100
0110011000110
1001011000111110011000001100110011111100110000111001110011001101100101011000110011110
1
10011000111101100001010101
10101
11
1000010
10011
1000001110001110110
10000110001011000011101100111110001110
10011
011001110001101100101
10000111
10011100111100110001101
0110011101
100000111101
10000111011
100000
101
10000110010110011100110001100111
1001100110110
10010
1001
011
10
1000011101
100001100101100111001100011001101011000
100
10000110010110011100110001100110101100
1
011001
10
1
10011100111100110001110000
1
10000110010110011100110001100110101
1001011000111110011000001100110011111100110000111001110011001101100101011000110011111
10011100111100110001110000
10000110010110011100110001100111100111
10001
1
10011100111100110001101
100010
100110001110011100111110
100000111101
10
1000011001011001110011000110011010110010
101
01100111001110
10000110001011000011101100111110001
10011
100111001111001110010011
0
10011100111100110001110000
10011
100111101
100111001111001100011100000
