12
0 0 0,1 1 -
1 0 0,2 2 -
2 0 0,3 3 -
3 0 0,4 4 -
4 0 0,5 5 -
5 0 0,6 6 -
6 0 0,7 7 -
7 0 0,8 8 -
8 0 0,9 9 -
9 0 0,10 10 -
10 0 0,11 11 -
11 1 0,11 - -
100
110100111111
10110001
111110000000010001
011110011010100001011
01001010010001011100
11111001011010
01001010101110101100
111110010011100001000100
11110000011010101101
1111001000
10001100011111
01101100110011110
111101001111000
1111011001011
111011110101001101110100
110
01111011101
1111100001001000
010010011100111011100
010111111101011
11111011011100001101100
111011110101011100
1111010001010000
100011010
1111101100101101
11110011101010001101
11111001011111111
11111100001110010101
11111000010101001
10001010
1111100001011000001110
101010000101101
100011111011110
11111001001111100000110
11111000110011000101010
011110011001110111
100110010010110
11111100001101010010010010
0111001000101001100110
111011000001001
0110111000111
01000011100111100
0110001010111011001001100100111
10101000010011011
010100101111011
0100001010111101100110
10101000011110101
11011100
10111000000110
0000
00110111100
01010011001
1111110000000100001
011000101011101011001011
1010110101010
01101110110110010001011010
1111100100111101100001000
1111110000000111000001
1110100100
11110001110110111
111111101001100010
010100100010011
10011010111010011
10001100101011000
11100001011100
1101100000
0110001010011001001011
010010010110
1111111100
011000101011101011001100
11101110110111111011
111011101101110011
11101111110100
1110101000110
111111000011001001110100
1111100100111111101001000000
010111110001111010100
010000011111
111010010011011
10001101001
0111000110011000
1110111000
100011001001101100
111011100101001001
000
01110000000
1111010001001001001010
1010100101001100
01101110010100011
011111110
011100011001110010
111011110101000011110
011101000110100
1110110000001100111010001
11111001
0111110101111000101
10101001011111111
0111110010011
01011011001011
111101001110100101010
