12
0 0 0,1 1 -
1 0 0,2 2 -
2 0 0,3 3 -
3 0 0,4 4 -
4 0 0,5 5 -
5 0 0,6 6 -
6 0 0,7 7 -
7 0 0,8 8 -
8 0 0,9 9 -
9 0 0,10 10 -
10 0 0,11 11 -
11 1 0,11 - -
100
0011000111101001
101101110
10110011
1101000011
11010010
00011001000
01100111110011010000
001101110
000100010100111
110011010
0010011111
011010111
11111111111
0000111011001010
101001100
001100100101001
00110001010011
0011110000101
110100000111101
00111000101001
10110000
011101110
001101101101001
000100101011110
1011001100
1101011000111
010000011001111001
0101011000
0001110111101110
010111110100
011010
001111111010
00110111100000
00010010100101000010
00110010010111001111
010000110101
000100110101100010
00110110101100100
11010000010
001110011100110
000000100
001000
00110110100010
000111011110111
00001000110111001
1111010
0011100100
00111011011
11000001010
00111001000
00110000101101011
00010001100110
010111101011
0011001101001110110
01100100111100
001101111111
00011111000100
1100000101
1011011010
00110110011
000100
000100101001011
01011110
010011
0011100010111001101100
001100001100001
11101100
0001001010100000011
00010000001111
01101010100110
011010
001110001010010
000100101010000010010
0001100101101
01011101010101010
001101100101101
0111101010
00111100010000
011010100110110
00010011111011111
00111100001101000
1000000000
11100111
000100111110100001000101
001111000011011
11110100001100100
00110110010011100
1011100100
101001110
00011100110011001
00110000110001
0010000101101
00110110001011
000100111100111
0011100100110011
001100111010000
01001011010
0000110001
0110011111001101011
00011111111
