4
0 0 0,1 0 -
1 0 - 2 -
2 0 3 - -
3 1 3 3 -
100
0001110111100011000000011011011111111011111011111011111011100110011011011000111011011011111110011011
0001110111100011000000011011011111111011111011111011111011100110011011011000111011011011111110011001
0001110111100011000000011011011111111011111011111011111011100110011011011000111011011011111110011011
0001110111100011000000011011011111111011111011111011111011100110011011011000111011011011111110011010
0001110111100011000000011011011111111011111011111011111011100110011011011000111011011011111110011001
0001110111100011000000011011011111111011111011111011111011100110011011011000111011011011111110011010
0001110111100011000000011011011111111011111011111011111011100110011011011000111011011011111110011000
0001110111100011000000011011011111111011111011111011111011100110011011011000111011011011111110011001
0001110111100011000000011011011111111011111011111011111011100110011011011000111011011011111110011001
0001110111100011000000011011011111111011111011111011111011100110011011011000111011011011111110011011
0001110111100011000000011011011111111011111011111011111011100110011011011000111011011011111110011010
0001110111100011000000011011011111111011111011111011111011100110011011011000111011011011111110011001
0001110111100011000000011011011111111011111011111011111011100110011011011000111011011011111110011011
0001110111100011000000011011011111111011111011111011111011100110011011011000111011011011111110011000
0001110111100011000000011011011111111011111011111011111011100110011011011000111011011011111110011000
0001110111100011000000011011011111111011111011111011111011100110011011011000111011011011111110011011
0001110111100011000000011011011111111011111011111011111011100110011011011000111011011011111110011011
0001110111100011000000011011011111111011111011111011111011100110011011011000111011011011111110011000
0001110111100011000000011011011111111011111011111011111011100110011011011000111011011011111110011001
0001110111100011000000011011011111111011111011111011111011100110011011011000111011011011111110011000
0001110111100011000000011011011111111011111011111011111011100110011011011000111011011011111110011010
0001110111100011000000011011011111111011111011111011111011100110011011011000111011011011111110011010
0001110111100011000000011011011111111011111011111011111011100110011011011000111011011011111110011000
0001110111100011000000011011011111111011111011111011111011100110011011011000111011011011111110011000
0001110111100011000000011011011111111011111011111011111011100110011011011000111011011011111110011011
0001110111100011000000011011011111111011111011111011111011100110011011011000111011011011111110011011
0001110111100011000000011011011111111011111011111011111011100110011011011000111011011011111110011010
0001110111100011000000011011011111111011111011111011111011100110011011011000111011011011111110011001
0001110111100011000000011011011111111011111011111011111011100110011011011000111011011011111110011000
0001110111100011000000011011011111111011111011111011111011100110011011011000111011011011111110011011
0001110111100011000000011011011111111011111011111011111011100110011011011000111011011011111110011000
0001110111100011000000011011011111111011111011111011111011100110011011011000111011011011111110011010
0001110111100011000000011011011111111011111011111011111011100110011011011000111011011011111110011001
0001110111100011000000011011011111111011111011111011111011100110011011011000111011011011111110011011
0001110111100011000000011011011111111011111011111011111011100110011011011000111011011011111110011010
0001110111100011000000011011011111111011111011111011111011100110011011011000111011011011111110011000
0001110111100011000000011011011111111011111011111011111011100110011011011000111011011011111110011010
0001110111100011000000011011011111111011111011111011111011100110011011011000111011011011111110011001
0001110111100011000000011011011111111011111011111011111011100110011011011000111011011011111110011011
0001110111100011000000011011011111111011111011111011111011100110011011011000111011011011111110011010
0001110111100011000000011011011111111011111011111011111011100110011011011000111011011011111110011001
0001110111100011000000011011011111111011111011111011111011100110011011011000111011011011111110011010
0001110111100011000000011011011111111011111011111011111011100110011011011000111011011011111110011011
0001110111100011000000011011011111111011111011111011111011100110011011011000111011011011111110011011
0001110111100011000000011011011111111011111011111011111011100110011011011000111011011011111110011000
0001110111100011000000011011011111111011111011111011111011100110011011011000111011011011111110011000
0001110111100011000000011011011111111011111011111011111011100110011011011000111011011011111110011001
0001110111100011000000011011011111111011111011111011111011100110011011011000111011011011111110011010
0001110111100011000000011011011111111011111011111011111011100110011011011000111011011011111110011001
0001110111100011000000011011011111111011111011111011111011100110011011011000111011011011111110011000
0001110111100011000000011011011111111011111011111011111011100110011011011000111011011011111110011000
0001110111100011000000011011011111111011111011111011111011100110011011011000111011011011111110011011
0001110111100011000000011011011111111011111011111011111011100110011011011000111011011011111110011011
0001110111100011000000011011011111111011111011111011111011100110011011011000111011011011111110011011
0001110111100011000000011011011111111011111011111011111011100110011011011000111011011011111110011001
0001110111100011000000011011011111111011111011111011111011100110011011011000111011011011111110011010
0001110111100011000000011011011111111011111011111011111011100110011011011000111011011011111110011010
0001110111100011000000011011011111111011111011111011111011100110011011011000111011011011111110011000
0001110111100011000000011011011111111011111011111011111011100110011011011000111011011011111110011001
0001110111100011000000011011011111111011111011111011111011100110011011011000111011011011111110011011
0001110111100011000000011011011111111011111011111011111011100110011011011000111011011011111110011000
0001110111100011000000011011011111111011111011111011111011100110011011011000111011011011111110011000
0001110111100011000000011011011111111011111011111011111011100110011011011000111011011011111110011001
0001110111100011000000011011011111111011111011111011111011100110011011011000111011011011111110011000
0001110111100011000000011011011111111011111011111011111011100110011011011000111011011011111110011000
0001110111100011000000011011011111111011111011111011111011100110011011011000111011011011111110011011
0001110111100011000000011011011111111011111011111011111011100110011011011000111011011011111110011001
0001110111100011000000011011011111111011111011111011111011100110011011011000111011011011111110011000
0001110111100011000000011011011111111011111011111011111011100110011011011000111011011011111110011011
0001110111100011000000011011011111111011111011111011111011100110011011011000111011011011111110011010
0001110111100011000000011011011111111011111011111011111011100110011011011000111011011011111110011011
0001110111100011000000011011011111111011111011111011111011100110011011011000111011011011111110011001
0001110111100011000000011011011111111011111011111011111011100110011011011000111011011011111110011001
0001110111100011000000011011011111111011111011111011111011100110011011011000111011011011111110011011
0001110111100011000000011011011111111011111011111011111011100110011011011000111011011011111110011001
0001110111100011000000011011011111111011111011111011111011100110011011011000111011011011111110011010
0001110111100011000000011011011111111011111011111011111011100110011011011000111011011011111110011001
0001110111100011000000011011011111111011111011111011111011100110011011011000111011011011111110011000
0001110111100011000000011011011111111011111011111011111011100110011011011000111011011011111110011011
0001110111100011000000011011011111111011111011111011111011100110011011011000111011011011111110011011
0001110111100011000000011011011111111011111011111011111011100110011011011000111011011011111110011011
0001110111100011000000011011011111111011111011111011111011100110011011011000111011011011111110011010
0001110111100011000000011011011111111011111011111011111011100110011011011000111011011011111110011000
0001110111100011000000011011011111111011111011111011111011100110011011011000111011011011111110011011
0001110111100011000000011011011111111011111011111011111011100110011011011000111011011011111110011010
0001110111100011000000011011011111111011111011111011111011100110011011011000111011011011111110011001
0001110111100011000000011011011111111011111011111011111011100110011011011000111011011011111110011001
0001110111100011000000011011011111111011111011111011111011100110011011011000111011011011111110011010
0001110111100011000000011011011111111011111011111011111011100110011011011000111011011011111110011000
0001110111100011000000011011011111111011111011111011111011100110011011011000111011011011111110011001
0001110111100011000000011011011111111011111011111011111011100110011011011000111011011011111110011010
0001110111100011000000011011011111111011111011111011111011100110011011011000111011011011111110011000
0001110111100011000000011011011111111011111011111011111011100110011011011000111011011011111110011010
0001110111100011000000011011011111111011111011111011111011100110011011011000111011011011111110011011
0001110111100011000000011011011111111011111011111011111011100110011011011000111011011011111110011000
0001110111100011000000011011011111111011111011111011111011100110011011011000111011011011111110011000
0001110111100011000000011011011111111011111011111011111011100110011011011000111011011011111110011011
0001110111100011000000011011011111111011111011111011111011100110011011011000111011011011111110011011
0001110111100011000000011011011111111011111011111011111011100110011011011000111011011011111110011010
0001110111100011000000011011011111111011111011111011111011100110011011011000111011011011111110011001
