4
0 0 0,1 0 -
1 0 - 2 -
2 0 3 - -
3 1 3 3 -
100
0111101101110111100111011110111011011011111011100111110110110011001101111001110111001101100110111001
0111101101110111100111011110111011011011111011100111110110110011001101111001110111001101100110110110
0111101101110111100111011110111011011011111011100111110110110011001101111001110111001101100110111001
0111101101110111100111011110111011011011111011100111110110110011001101111001110111001101100110110111
0111101101110111100111011110111011011011111011100111110110110011001101111001110111001101100110110001
011110110111011110011101111011101101101111101110011111011011001100110111100111011100110110011011011
0111101101110111100111011110111011011011111011100111110110110011001101111001110111001101100110110110
0111101101110111100111011110111011011011111011100111110110110011001101111001110111001101100110110100
0111101101110111100111011110111011011011111011100111110110110011001101111001110111001101100110110110
0111101101110111100111011110111011011011111011100111110110110011001101111001110111001101100110110011
0111101101110111100111011110111011011011111011100111110110110011001101111001110111001101100110110110
0111101101110111100111011110111011011011111011100111110110110011001101111001110111001101100110110110
0111101101110111100111011110111011011011111011100111110110110011001101111001110111001101100110110110
0111101101110111100111011110111011011011111011100111110110110011001101111001110111001101100110111001
0111101101110111100111011110111011011011111011100111110110110011001101111001110111001101100110110110
0111101101110111100111011110111011011011111011100111110110110011001101111001110111001101100110110100
011110110111011110011101111011101101101111101110011111011011001100110111100111011100110110011011011
0111101101110111100111011110111011011011111011100111110110110011001101111001110111001101100110110110
0111101101110111100111011110111011011011111011100111110110110011001101111001110111001101100110110110
0111101101110111100111011110111011011011111011100111110110110011001101111001110111001101100110111001
0111101101110111100111011110111011011011111011100111110110110011001101111001110111001101100110110100
0111101101110111100111011110111011011011111011100111110110110011001101111001110111001101100110110110
0111101101110111100111011110111011011011111011100111110110110011001101111001110111001101100110110001
0111101101110111100111011110111011011011111011100111110110110011001101111001110111001101100110110111
0111101101110111100111011110111011011011111011100111110110110011001101111001110111001101100110110110
011110110111011110011101111011101101101111101110011111011011001100110111100111011100110110011011001
0111101101110111100111011110111011011011111011100111110110110011001101111001110111001101100110110101
011110110111011110011101111011101101101111101110011111011011001100110111100111011100110110011011011
011110110111011110011101111011101101101111101110011111011011001100110111100111011100110110011011001
0111101101110111100111011110111011011011111011100111110110110011001101111001110111001101100110110101
0111101101110111100111011110111011011011111011100111110110110011001101111001110111001101100110110110
0111101101110111100111011110111011011011111011100111110110110011001101111001110111001101100110110001
0111101101110111100111011110111011011011111011100111110110110011001101111001110111001101100110110111
0111101101110111100111011110111011011011111011100111110110110011001101111001110111001101100110110110
0111101101110111100111011110111011011011111011100111110110110011001101111001110111001101100110110111
0111101101110111100111011110111011011011111011100111110110110011001101111001110111001101100110110110
0111101101110111100111011110111011011011111011100111110110110011001101111001110111001101100110111001
0111101101110111100111011110111011011011111011100111110110110011001101111001110111001101100110110010
0111101101110111100111011110111011011011111011100111110110110011001101111001110111001101100110111001
0111101101110111100111011110111011011011111011100111110110110011001101111001110111001101100110110111
0111101101110111100111011110111011011011111011100111110110110011001101111001110111001101100110110101
011110110111011110011101111011101101101111101110011111011011001100110111100111011100110110011011010
0111101101110111100111011110111011011011111011100111110110110011001101111001110111001101100110110010
0111101101110111100111011110111011011011111011100111110110110011001101111001110111001101100110110010
0111101101110111100111011110111011011011111011100111110110110011001101111001110111001101100110110001
0111101101110111100111011110111011011011111011100111110110110011001101111001110111001101100110111001
0111101101110111100111011110111011011011111011100111110110110011001101111001110111001101100110110111
0111101101110111100111011110111011011011111011100111110110110011001101111001110111001101100110111001
011110110111011110011101111011101101101111101110011111011011001100110111100111011100110110011011010
0111101101110111100111011110111011011011111011100111110110110011001101111001110111001101100110111001
0111101101110111100111011110111011011011111011100111110110110011001101111001110111001101100110111001
0111101101110111100111011110111011011011111011100111110110110011001101111001110111001101100110110001
0111101101110111100111011110111011011011111011100111110110110011001101111001110111001101100110110010
0111101101110111100111011110111011011011111011100111110110110011001101111001110111001101100110110111
0111101101110111100111011110111011011011111011100111110110110011001101111001110111001101100110110010
0111101101110111100111011110111011011011111011100111110110110011001101111001110111001101100110110010
0111101101110111100111011110111011011011111011100111110110110011001101111001110111001101100110110110
0111101101110111100111011110111011011011111011100111110110110011001101111001110111001101100110110100
0111101101110111100111011110111011011011111011100111110110110011001101111001110111001101100110110110
0111101101110111100111011110111011011011111011100111110110110011001101111001110111001101100110110110
0111101101110111100111011110111011011011111011100111110110110011001101111001110111001101100110111001
0111101101110111100111011110111011011011111011100111110110110011001101111001110111001101100110110010
0111101101110111100111011110111011011011111011100111110110110011001101111001110111001101100110110110
0111101101110111100111011110111011011011111011100111110110110011001101111001110111001101100110110110
0111101101110111100111011110111011011011111011100111110110110011001101111001110111001101100110110001
0111101101110111100111011110111011011011111011100111110110110011001101111001110111001101100110110111
0111101101110111100111011110111011011011111011100111110110110011001101111001110111001101100110110001
0111101101110111100111011110111011011011111011100111110110110011001101111001110111001101100110110101
0111101101110111100111011110111011011011111011100111110110110011001101111001110111001101100110110100
011110110111011110011101111011101101101111101110011111011011001100110111100111011100110110011011001
0111101101110111100111011110111011011011111011100111110110110011001101111001110111001101100110110110
0111101101110111100111011110111011011011111011100111110110110011001101111001110111001101100110110010
0111101101110111100111011110111011011011111011100111110110110011001101111001110111001101100110110110
0111101101110111100111011110111011011011111011100111110110110011001101111001110111001101100110110010
0111101101110111100111011110111011011011111011100111110110110011001101111001110111001101100110110001
0111101101110111100111011110111011011011111011100111110110110011001101111001110111001101100110110110
0111101101110111100111011110111011011011111011100111110110110011001101111001110111001101100110110110
0111101101110111100111011110111011011011111011100111110110110011001101111001110111001101100110110010
0111101101110111100111011110111011011011111011100111110110110011001101111001110111001101100110110101
011110110111011110011101111011101101101111101110011111011011001100110111100111011100110110011011011
0111101101110111100111011110111011011011111011100111110110110011001101111001110111001101100110110011
0111101101110111100111011110111011011011111011100111110110110011001101111001110111001101100110110100
0111101101110111100111011110111011011011111011100111110110110011001101111001110111001101100110110001
0111101101110111100111011110111011011011111011100111110110110011001101111001110111001101100110110011
0111101101110111100111011110111011011011111011100111110110110011001101111001110111001101100110110111
0111101101110111100111011110111011011011111011100111110110110011001101111001110111001101100110110011
0111101101110111100111011110111011011011111011100111110110110011001101111001110111001101100110110001
0111101101110111100111011110111011011011111011100111110110110011001101111001110111001101100110110010
0111101101110111100111011110111011011011111011100111110110110011001101111001110111001101100110110011
0111101101110111100111011110111011011011111011100111110110110011001101111001110111001101100110110001
0111101101110111100111011110111011011011111011100111110110110011001101111001110111001101100110110111
0111101101110111100111011110111011011011111011100111110110110011001101111001110111001101100110110001
0111101101110111100111011110111011011011111011100111110110110011001101111001110111001101100110110110
0111101101110111100111011110111011011011111011100111110110110011001101111001110111001101100110110010
0111101101110111100111011110111011011011111011100111110110110011001101111001110111001101100110110001
0111101101110111100111011110111011011011111011100111110110110011001101111001110111001101100110110110
0111101101110111100111011110111011011011111011100111110110110011001101111001110111001101100110111001
0111101101110111100111011110111011011011111011100111110110110011001101111001110111001101100110110001
011110110111011110011101111011101101101111101110011111011011001100110111100111011100110110011011010
0111101101110111100111011110111011011011111011100111110110110011001101111001110111001101100110110010
